   0 3106.892 with 12789 in 21.487s
   1 3106.892 with 100000 in 1802.108s
   2 3106.892 with 100000 in 2553.982s
   3 3106.892 with 100000 in 2576.917s
   4 3106.892 with 100000 in 2447.043s
   5 3106.892 with 100000 in 2250.124s
   6 3106.892 with 100000 in 2182.989s
   7 3106.892 with 100000 in 2044.018s
   8 3106.892 with 100000 in 1972.432s
   9 3106.892 with 100000 in 1950.504s
  10 3106.892 with 100000 in 1927.037s
  11 3106.892 with 100000 in 1881.482s
  12 3106.892 with 100000 in 1922.444s
  13 2938.962 with 100000 in 1915.033s
  14 2938.962 with 100000 in 1900.515s
  15 2938.962 with 100000 in 1896.036s
  16 2938.962 with 100000 in 1904.164s
  17 2938.962 with 100000 in 1892.789s
  18 2938.962 with 100000 in 1911.663s
  19 2938.962 with 100000 in 1904.212s
  20 2938.962 with 100000 in 1898.687s
  21 2938.962 with 100000 in 1906.170s
  22 2938.962 with 100000 in 1906.245s
[-272 -242 -245 -180  336 -418 -323  -59  386  302 -199  242 -565 -466
  -92  -72 -370  208 -320   -4 -575 -570  -74 -199  -89  269 -528 -325
  -73 -187  114   23  -88  247  108  -98 -284  293 -207   28  201    7
 -262  288  116 -398  -28    0 -198 -136  225 -175  117 -207 -195 -638
 -112 -185  234 -433 -499 -194 -140  383 -235  607 -529 -416  131  282
  175   30 -464 -349  264  199 -403 -190 -344   38  110 -215  383  232
  152  586  -12  114  514  275  154  470 -265   66  538  348 -223  -77
  -49  210]
