854,671,-933,617,-1163,775,-871,-513,-34,-663,-79,-401,343,276,-1084,-353,-807,-150,-9,1723,1704,194,871,-767,-885,-446,-1404,-1052,234,888,401,1141,600,546,-618,1259,-928,535,1526,-762,395,-699,-1182,-448,-631,-570,-867,610,649,-401,-516,365,-456,-991,-1628,1830,-500,-459,-2018,-1046,972,-554,-10,-2479,-622,250,-511,103,-68,-1229,-460,981,-222,-1238,1861,-965,303,-40,-384,1259,-716,-1200,-893,-710,20,-47,-1242,237,-1021,1520,-1494,-75,-1226,36,76,-1420,-724,-673,-890,33
836,-35,-682,1105,-749,-761,-164,198,-332,1047,-67,436,241,-643,1175,776,-380,-490,-1397,396,-1308,265,929,-701,175,-728,-752,-562,303,1640,376,-291,779,1069,823,179,-1158,-164,21,599,-1397,-1502,1130,-497,871,-1869,77,-371,-1889,1553,-482,1768,1248,50,-1554,602,-1485,-22,-1320,126,1257,-1098,800,438,-17,1491,43,-1354,478,-514,435,-780,-36,285,1029,123,695,944,1238,476,-375,684,-1257,-103,1001,935,715,1229,235,343,744,-331,-340,23,-1948,1063,687,635,33,1488
-714,-710,-739,-332,-474,726,329,26,753,-1398,-1381,411,-1047,-344,703,-1061,676,-306,988,-109,-638,1516,-975,-1568,-822,959,-1378,2316,-1305,616,1527,231,273,494,184,328,81,411,-1135,-677,525,-185,259,732,1454,1142,1248,1362,-535,-237,712,-1056,-1114,-1060,-698,-330,-24,528,-255,-3092,-797,444,213,-15,193,-1127,1171,-940,191,-871,45,-1538,-344,-968,631,427,-62,-686,308,570,1374,746,1363,-356,513,-78,1231,-631,-900,190,-1774,-498,421,-896,706,727,-851,697,693,48
-278,-720,125,38,399,157,-306,676,-642,402,550,-332,455,-1360,-1522,2870,-936,-969,788,-708,343,-1143,5,-1378,83,-73,938,1521,150,-577,1313,-398,-1750,-1053,1110,184,1778,-491,253,228,368,-1290,1053,639,202,428,152,-1606,-1545,-396,359,-818,501,-253,-15,-1046,1027,773,330,1468,-46,-632,1198,-230,91,233,-1361,-1061,1644,379,105,-827,441,1068,-183,-251,-825,-328,-257,-396,-432,-407,-1005,-425,-110,-964,-180,-38,834,-239,989,784,-855,-1688,793,-2048,-35,-52,1484,344
87,-805,1478,-468,-535,1552,-1013,1244,1215,1281,-330,1093,-2464,693,-1095,-125,791,959,1079,79,-1905,53,-286,699,1413,-18,-248,1768,223,-3167,-2711,-1918,314,1011,563,819,-982,162,-2430,798,-660,1624,1853,65,1545,372,-2,396,-823,718,-467,-1337,-35,158,1117,-1271,-148,666,-728,1108,360,1038,-1218,1884,3227,-2037,787,1751,-287,-925,149,-2373,-735,-759,-1645,-367,-1114,-158,-871,-1698,576,-546,-1806,-874,1930,1293,727,-53,1608,-1509,1240,3533,10,-1364,1425,-753,-3054,0,1080,-670
150,-1020,697,360,-616,628,-155,33,-735,537,1072,662,-1098,-756,-15,358,1124,-1157,-388,34,-253,-797,428,-496,862,-396,-152,378,337,-1642,46,330,216,-756,299,-55,-246,-905,-84,633,-1245,-1198,-137,-504,-446,-170,981,-491,-84,318,-855,-42,22,-1173,-1047,-542,-62,-679,-8,991,145,532,198,-137,-471,419,-1117,-1070,1060,-1239,-1016,-652,-476,1381,-304,-478,-929,480,284,482,-339,-1257,449,-602,40,-225,62,-776,554,577,-363,1448,-426,-235,84,-592,650,-195,271,1102
645,-751,-69,-186,854,670,392,218,-395,1,433,-578,1011,-578,-579,-221,-948,-134,567,340,-267,-934,-348,-766,-1065,409,768,-914,1533,-339,1089,1231,-972,132,-18,-874,352,51,1746,0,1600,265,-402,364,-458,-666,-570,-1545,-939,-111,-686,1259,153,-778,-19,794,635,-422,-890,638,-229,-771,327,-830,151,518,-13,277,-373,326,435,697,436,-796,689,-115,-690,-451,-1078,1302,-752,-276,-73,-623,-784,-1423,-759,290,271,-705,-827,360,-111,1099,661,-1175,503,482,44,-39
-992,-280,126,310,-490,228,810,719,-92,-1502,-760,63,1012,1030,409,697,-851,-821,2308,431,-1109,-132,-1189,-1072,-1099,729,391,1389,78,597,791,461,-448,-2032,-217,171,1670,-254,-246,-966,829,-108,1840,-536,-147,-79,-3,-198,38,686,1663,515,-990,-787,148,-15,1111,-749,-1116,-995,-795,888,149,-756,-1105,-1559,-330,-1150,1303,422,-435,-211,21,-870,-536,284,-66,-57,532,-243,763,313,-105,-361,-461,592,-1488,-582,-1455,475,174,512,-370,292,943,-49,193,-563,934,339
826,-1145,-124,616,-544,116,164,-180,58,468,-1068,71,97,-560,-169,-996,490,-271,-1481,-143,-160,-147,-404,-1108,-308,-391,-942,504,488,-463,59,794,-1350,1359,390,1742,201,-149,322,3,33,2,-944,2116,398,923,958,-283,702,-25,620,590,-872,-366,-1007,604,344,628,-618,-132,230,-1747,907,774,1191,589,192,-2195,772,-1264,-914,89,-1967,-41,438,857,-992,-51,-423,881,705,-652,241,-846,-982,1003,116,141,643,-175,-235,-595,-107,413,595,-159,788,330,192,249
-419,-37,-14,579,144,-988,282,182,-179,713,-1226,-124,1520,223,1242,-162,-833,-1886,62,570,-1007,440,638,-911,409,-275,-166,-650,1180,1045,160,1287,-384,-363,26,347,-987,567,850,249,431,373,-102,-335,-433,-838,986,-814,-784,1120,-1053,180,-137,680,644,-205,12,-326,616,-136,-667,-359,-650,732,1242,-312,1522,33,866,254,288,-453,-265,806,532,1514,-536,278,1121,1220,-42,361,442,-1093,-438,156,-470,702,734,89,1029,-272,-192,767,1098,-658,296,350,-436,0
80,1022,-69,475,480,-743,547,699,-24,-408,-10,-117,825,-1039,1261,-367,-902,-82,-308,1277,-1003,1125,-945,833,399,190,675,-594,228,1057,923,138,200,-373,-506,214,272,608,443,-566,-1029,-20,86,-822,-964,-1523,167,-400,239,-4,-269,411,-206,1306,-1296,1027,179,620,-236,573,-836,-778,849,94,-24,920,1692,-1327,-76,-1117,-388,741,-443,589,944,-173,178,436,-93,-192,-246,922,61,-305,-837,306,-470,-18,789,194,-334,-116,1443,1793,-1190,1963,695,-1115,-1113,792
-416,-599,-542,-1050,11,505,941,-967,-1255,761,-821,-180,310,906,-1229,108,-373,-396,589,-1757,805,35,1269,-268,-1084,1674,-907,517,-1433,96,83,-788,-651,-404,-659,-156,216,-780,-216,191,464,62,-1684,1941,-744,519,-236,346,-380,-93,-414,204,-605,-1576,-5,325,-1444,-1344,229,-448,293,699,-689,-560,-1264,-56,-562,-300,-351,1749,95,167,850,953,942,963,50,-793,283,-296,-116,154,-62,-358,-1199,-1746,1102,-459,-473,1053,-986,-709,-201,-1137,1006,103,-27,1417,924,1087
-1243,-190,-2030,2370,-485,-1101,-1935,-1859,1880,-1288,-229,40,867,864,1360,-100,-559,-1571,-812,1387,103,-737,488,-920,-548,218,-909,-219,552,197,1187,571,-699,-305,-1152,2322,353,-581,1283,181,1049,-1226,1077,467,935,56,244,277,-1270,379,1598,1230,-883,-100,-294,82,-308,-1244,939,-1095,-434,-2005,-566,-1086,-1182,716,-305,1519,516,911,-1062,366,-650,-1012,-671,-689,-1709,-795,26,1734,-1790,-668,1778,-521,929,-254,-1790,-286,-854,710,-142,-802,-1534,647,-533,-878,478,913,112,-898
-438,2153,-1866,-442,-412,-715,-1020,-1249,1809,-1183,-200,121,427,1317,508,1067,-179,296,872,396,1624,1648,606,1414,263,-151,-155,625,-1170,341,-97,-1621,2225,927,-712,244,-893,935,-392,-1031,-412,302,489,-1035,-191,995,-610,2870,-307,2,-987,-852,344,-497,-538,115,-724,-700,99,-800,1212,63,-688,228,-651,-1598,374,2406,-524,2379,-414,124,-173,118,1339,-661,677,900,-217,-1005,987,1001,-402,1965,84,294,303,-1588,-894,649,-438,-1759,-410,-655,-1718,2478,-795,157,-384,-543
820,-852,334,520,527,-380,33,-336,1072,-531,540,1084,-585,-325,375,-927,909,346,-702,-883,-1522,-1603,-1778,-404,-928,-1757,1113,-225,2826,-1231,774,1226,910,-33,42,4,11,-793,532,579,1221,-47,905,-372,1903,213,232,-169,539,-438,513,1319,1293,-23,-1304,-1723,1083,883,475,176,-1457,-629,350,23,1143,156,-386,-1477,-65,-1239,-1337,1131,-1599,340,-1086,283,-543,-941,-3,664,280,-513,1044,-175,-62,-164,-385,631,-661,-1041,-304,357,-1366,1245,497,-136,1600,61,521,293
-592,-1001,516,-2954,1146,413,1961,824,-3338,-445,702,-250,-1378,-1301,-76,171,676,1350,-138,-1728,1366,89,-944,776,-64,1664,-931,849,-898,-166,1135,-1972,-35,386,602,-581,951,192,292,-128,-56,-99,-2562,1253,-1300,603,-1031,-28,1618,-1447,383,30,773,921,4080,1892,1790,1353,207,-1289,-1720,695,1499,-808,-936,792,-498,498,-556,688,-245,656,789,477,-256,-327,2495,-882,-124,94,1111,1359,-516,-694,-1704,584,-32,-187,10,1285,-639,-2166,2438,-380,-1234,-77,-850,-743,-919,1501
69,-607,-587,255,-401,113,-386,-2,-1152,482,69,-864,1183,-1221,-425,2135,807,-1792,1132,1162,1848,-1456,572,-1141,438,-24,861,171,1275,-239,1720,1356,-1449,-989,983,-51,137,564,804,337,-461,-1707,-27,1670,63,192,839,-140,-249,867,-529,232,-462,-1633,-672,91,490,-64,-905,-127,824,-1419,600,261,-1324,-11,-2590,1146,2069,-192,-379,464,268,-180,-623,537,-237,-721,834,931,1137,361,-59,1026,364,-1503,17,-126,339,-724,1244,-80,-585,-86,-177,-1714,175,-81,1212,-649
-331,710,186,1021,-746,-1276,-298,-845,-670,1442,-217,-723,4,833,-845,372,647,-384,-1580,332,1102,-975,944,311,1813,-752,349,-289,-1104,-132,-974,-1481,-185,-3,-28,723,-300,1048,-1088,349,-1711,27,-513,-149,32,-681,1218,-189,2045,-403,-816,-617,-1058,2224,314,-1293,-1007,-385,1864,1590,714,463,5,676,256,606,-164,356,-6,145,189,-572,-637,1891,-333,174,-217,151,1183,-1478,639,-1089,-51,732,-878,322,-166,-375,1222,819,1392,-770,537,-274,-606,-229,-248,618,335,-409
-479,560,-434,1091,-1080,33,-912,-568,-176,239,-986,-750,988,113,-443,1661,-1262,-1752,399,713,-84,108,947,-961,1088,888,-198,63,-668,1417,262,-354,-1359,-2196,-420,1435,-88,1268,597,-88,-1259,-1068,744,-1762,-427,-252,-387,-561,-466,310,780,-345,-1190,65,-1517,306,-811,-311,-738,377,651,939,-189,-1579,-805,-238,439,-160,1901,119,-809,-1121,369,665,1178,129,-978,545,910,224,65,-357,-1410,-968,508,-547,296,718,223,363,873,865,-462,-180,631,-1122,-751,-117,633,-449
-142,-1358,786,-1434,1953,-880,1580,929,-360,1715,-1075,1800,-1681,-944,48,-1486,1189,218,1355,-1230,-1389,-327,65,165,-857,-1115,-784,-67,-575,-1125,741,295,693,-143,-1171,-408,-96,-625,-294,703,441,837,-543,1752,98,-26,1665,-1287,-433,-1576,-483,642,-917,-1166,320,-291,1420,545,836,-176,-1708,-168,424,33,1285,1439,196,-1332,-165,-359,-432,-834,705,279,140,862,-1014,-821,-756,297,588,-289,-64,-1304,397,541,-323,296,-651,-820,-986,501,-75,-1060,963,-376,-325,-285,1834,1546
525,-206,871,-568,1371,-1264,-417,-52,1140,592,1006,2531,-1017,-760,4,556,1749,-220,-953,-1528,-864,-1746,422,-58,-1174,-594,288,480,298,-2046,-820,145,961,-2011,412,-1850,-659,-2395,-335,1527,165,-910,516,-649,-1297,252,-344,-1655,-459,-238,-464,-1270,2778,539,817,-1350,1349,344,649,2648,-95,-29,-559,668,804,2168,-453,-1130,229,525,-1377,686,4,1813,44,84,-2183,700,-1933,-597,-1064,-48,-335,-943,1099,-343,1492,981,-664,-345,1388,1108,-1793,-1391,111,-107,1206,-386,1471,988
-1004,-168,387,314,1524,-483,100,649,60,-184,1311,-972,-1155,-1235,-19,-607,409,74,-561,727,-101,-173,813,340,940,-1281,1153,694,-140,-1063,1165,-163,-913,407,-304,-179,979,310,-616,361,-1696,868,-610,560,562,-929,1940,315,2,-1306,-1189,-618,-815,948,253,-2073,1758,804,1385,-342,-1223,211,-31,-836,459,1128,-1090,-386,-1473,281,-187,-610,376,31,-2925,469,14,127,-525,106,-652,-2086,741,-760,236,-1242,-1034,-665,-435,-257,-687,-792,518,367,964,-280,33,656,-1418,428
-1749,-1088,211,-981,1091,-1399,909,138,-1032,922,-1185,816,80,-943,1202,1063,420,-621,773,-730,-832,-1199,265,-80,-177,902,-1425,444,-1274,966,1232,-1161,-525,-1544,-895,804,1021,-2164,-661,1656,-1003,-579,-590,141,-412,324,877,-1498,-2902,615,1245,-484,-103,-1407,1088,-454,2283,919,911,272,-793,-1042,1143,1549,-205,-222,318,-642,223,456,-109,-1308,1380,80,-576,735,-286,182,-73,323,33,574,105,-1962,281,-376,-540,207,1200,935,815,-951,1570,-143,-392,-585,-27,754,990,1325
1061,-160,358,-1342,493,609,1716,770,-1111,-436,878,346,-728,-212,-645,-1115,479,303,575,-902,1162,501,-1202,-904,-1131,-648,-214,-166,-213,-85,1174,-21,1448,558,45,-878,325,1227,110,-1751,2041,216,-651,515,-787,-912,456,131,1824,-2185,-314,-691,874,228,-376,1037,-1108,-116,11,-150,-1851,-63,1403,-437,367,972,735,-401,-861,-25,624,1058,325,1395,1104,-536,1647,-568,685,379,1286,-435,353,918,-1329,407,811,-905,-1214,812,-2128,-236,711,-444,-1120,113,1122,-710,11,177
804,-615,1686,-362,400,897,337,86,-590,495,774,-91,-599,-571,-1008,-1510,922,739,358,525,-365,-725,-739,992,-672,610,708,-310,629,-1902,-508,860,893,-878,82,-1238,356,-926,-241,1107,968,-380,-138,-1411,-1297,-13,-100,-1445,1324,409,299,690,-48,107,-943,156,1449,-297,-186,1272,-620,1114,-250,609,-151,-944,-190,-1138,-879,-1872,303,965,-115,675,197,-1216,-392,-386,-122,-369,-764,-393,829,-680,-1336,-631,-311,126,1065,-731,-283,2219,420,735,-28,-831,688,-983,-688,637
315,-461,-391,-225,848,-237,421,-1564,551,124,65,-223,584,-57,610,-624,-600,122,-985,-2008,-37,328,657,-481,-986,-298,-1085,442,-178,-521,912,-737,952,1285,158,-397,1281,-1599,736,882,1527,123,-245,-915,-449,1103,-513,-109,-620,657,-109,1123,1076,166,-720,-1137,252,35,-36,1198,1107,-170,-434,498,129,19,-236,-1283,-1243,1673,784,936,-350,806,1575,405,-746,1377,-492,831,130,-98,1608,272,-495,-178,-412,-1147,-874,1066,-911,-1565,-154,681,-577,638,596,2015,-112,1778
689,-659,470,-581,-68,326,1316,1116,-802,638,-116,417,-4,-1199,917,712,1143,-1089,754,-254,175,40,-1245,161,-1299,-140,25,999,151,-588,-477,651,-14,-637,1887,-429,426,-193,-172,596,-623,-276,-39,415,-256,-809,-46,338,269,930,-417,644,71,-177,-518,636,471,-21,-1704,1100,84,-958,935,1231,-343,-251,376,-798,-92,-46,150,-428,-350,1167,-347,-404,459,-45,288,-117,1578,855,1,1103,442,-129,894,-834,223,-801,908,426,285,-719,-1219,1526,209,-393,341,580
-6,-525,402,66,-1341,1785,-1238,-842,324,-729,-451,-601,-1320,297,-1182,-562,1134,269,194,595,1227,-482,73,-504,254,205,-795,591,248,-659,45,1089,-762,-332,-171,1968,86,600,-293,-823,55,-371,-185,108,47,1338,-228,858,278,-616,1015,-448,-787,-1062,-1398,-951,759,13,-468,-1723,-79,751,-1079,-397,-929,-1035,-499,73,-450,-842,-1143,20,-408,-757,-650,-404,31,-725,-224,521,778,-1996,127,-823,1020,-731,-657,-776,-216,188,-1392,592,-955,-701,1305,-1323,-716,-377,609,-112
-5,-412,877,-1450,232,587,-236,608,-630,353,445,397,-1262,-752,-1213,533,115,1138,704,-196,472,-77,-183,1736,-48,321,412,230,-1894,-578,-22,-685,189,-265,20,-441,846,-928,-395,-705,395,-765,-1146,-119,196,1140,-579,-24,309,-518,1206,-1210,128,-582,1360,284,1309,1088,-82,-280,-335,949,-580,889,-58,-406,-138,-769,747,-607,-232,-78,940,-1456,247,481,824,59,-319,-1624,-179,-137,-490,-1722,-816,-209,99,403,1331,-1077,-910,56,1246,-264,-32,70,79,-1965,-151,-333
-1310,1500,-986,-499,613,-1841,427,-90,1450,116,-2344,394,-59,1950,272,-979,538,1769,1140,1065,154,536,348,1254,-502,-50,-1563,-563,-2171,884,-379,-2072,1318,414,-2102,1407,-344,618,-1926,423,-248,2305,-332,2074,658,-571,1195,1369,-366,-1138,603,-1093,-1860,-100,-223,960,-121,100,623,-1532,-277,-744,57,-284,168,-132,1858,2293,-1153,-139,-9,-996,-204,-1056,-712,190,-482,-709,-1159,-477,1146,514,-913,1142,1918,1115,-758,-91,-627,855,628,-894,861,-1852,-935,1412,-3549,-992,391,-1214
349,703,432,-1112,524,137,-191,502,4,-679,480,-982,263,-24,-883,1450,-531,1238,-227,375,-22,636,-269,1010,-352,-93,1126,-204,-549,-455,-1266,-588,775,-544,312,81,191,354,1398,-333,321,169,-1225,-15,-1499,-507,-1966,-475,393,1028,181,-1699,580,1200,960,27,520,1205,516,52,-137,91,-186,-397,330,-668,468,587,239,503,253,-497,-557,-156,68,-190,973,921,-1408,-118,291,122,-610,-153,-67,458,-750,242,-130,-622,589,-593,-1031,-1225,-1338,-105,-1293,-1523,-803,-99
-872,596,-507,-863,1474,385,-1194,-331,215,-1377,1012,-2819,556,-665,-2177,1247,-1590,1932,35,242,1229,1774,815,2010,452,602,1934,1483,-427,-1297,727,-1504,-1043,424,-263,91,658,1040,1366,631,437,-49,-346,2221,238,1707,-895,1131,-1038,-344,376,-1167,-345,656,1393,-1393,1435,1590,1491,-1024,200,-120,267,-967,280,-1499,-1948,984,-597,1176,162,-62,335,-716,-1005,789,1189,947,-1118,-1689,-633,90,70,348,-967,-1861,-1802,123,80,-1138,1616,-380,-315,198,161,-55,-719,-598,-1537,254
249,-1734,221,637,-115,-392,1715,115,-2243,914,-35,-2012,1869,1578,-698,-550,-18,-1379,-756,685,-274,-999,1136,-1215,-1196,458,-110,-189,158,437,-542,232,-871,-990,1187,669,1389,577,128,1004,679,-350,-1573,1896,984,-999,868,-542,1942,-339,-952,1346,-2231,1137,1826,1684,-531,-487,213,115,9,108,486,-1383,-60,263,-1222,-598,1043,150,582,-908,-546,-195,-797,1895,1079,-1063,2300,1244,164,-624,970,-759,-1540,-945,-692,682,-622,629,-639,753,884,446,73,-1374,507,1548,-310,61
20,-472,-449,-655,1741,901,-37,1159,-261,-755,1088,-79,601,-1322,-1168,-801,-735,1108,303,166,-679,1151,1058,-316,-788,1817,-461,-117,529,264,-640,-9,546,-262,-831,-1031,-1222,816,2057,779,1368,-1773,555,2232,-335,364,-585,46,-2766,-1393,370,739,307,-1785,42,710,213,-519,-380,-116,-22,-615,718,-699,-60,684,222,-328,-273,-1292,902,362,1702,-622,147,-60,339,104,-1024,-328,-2595,551,-383,-866,880,-930,1007,1397,-744,-456,260,1134,-1693,198,1105,-367,-565,-553,-127,1682
404,-12,-915,-168,153,-298,-797,-1805,-817,1315,-179,380,-934,577,-971,-1116,242,-410,-709,227,57,-263,2002,763,-69,-313,-1530,-1078,306,770,711,70,1018,288,-2189,216,-3105,895,716,651,952,281,-382,149,266,-634,-971,-373,678,-908,-1501,1755,-425,-115,506,197,-1895,-1662,1083,-812,-328,296,-781,-1379,274,1691,500,328,366,617,377,462,1699,525,2138,-360,444,-846,1144,-194,-1050,588,-16,-1000,-976,-578,202,44,-1258,1472,-882,-304,-603,-302,89,172,92,252,802,898
661,-781,1347,-1281,77,2236,1774,1591,-929,1878,-300,1900,-3229,-1060,-1169,-1216,229,1185,3118,-1772,-216,-266,-1382,1227,-885,-726,333,-592,-802,-1018,273,798,765,706,-690,-1627,-711,98,-124,-348,-509,1557,-595,-663,558,16,970,-299,-159,-1074,41,703,-810,-2048,-2194,-1058,-186,-1016,-1989,294,-1999,2795,-701,-764,-467,-940,256,-337,-1365,-2645,1546,-974,669,140,-686,-983,-301,-2021,-1276,-1329,-231,-566,-924,1126,791,-738,-106,-147,92,-879,-2089,1666,642,-1949,1738,179,-1283,-349,966,1456
115,314,-130,-46,1407,53,218,-698,783,-139,521,-710,-525,-1301,-37,-415,-92,276,-62,-638,-97,221,-90,-523,594,-424,579,711,-93,-1118,1550,5,304,-25,-968,-310,455,-170,-353,55,-634,1248,-199,-483,-811,-70,138,-401,-46,-536,-858,-809,-65,328,-2117,-1963,-164,1309,279,431,-550,321,42,-973,-123,902,-207,-386,-1142,532,314,452,505,1103,170,118,-1833,1474,-1364,-361,994,-332,290,781,451,-1031,-149,-2421,-1543,-22,-1891,-581,482,894,288,1343,-126,883,-109,719
-385,73,436,-226,851,680,-19,-753,-613,644,663,-635,-327,-538,-886,927,-1124,145,662,-1688,-145,-300,157,987,814,-1187,530,-161,1178,-434,1000,-64,-837,-326,-1464,-749,-239,-98,2423,111,-398,749,51,-370,-135,120,-517,-502,-478,731,-552,680,62,-841,-614,-1607,425,-605,895,969,-1072,1024,-174,-701,-185,-266,-149,79,61,218,1227,-704,353,2005,-402,-152,-360,593,-708,-165,-549,-30,482,615,371,-501,-889,-712,-115,267,370,150,-974,-105,-81,-1021,-367,221,-147,1280
1609,780,1078,-1632,1423,701,563,333,-1131,1179,521,955,539,-1567,-95,-1353,1113,-211,-60,-1203,137,797,2222,837,325,244,-30,-2753,1898,660,-1503,2010,654,-575,-85,-2488,-1983,1624,2191,1148,-272,-640,-556,-699,-3622,-865,-1991,-1213,1303,-696,-2471,1316,1693,78,-241,33,-689,-2047,-1262,2103,577,1321,-723,-333,-1127,946,228,86,31,-1104,132,3377,2166,1682,2264,104,-658,114,-1034,-202,-1773,1248,-17,-184,-337,-312,2028,1437,-239,-898,969,887,-1548,220,769,492,1132,-1422,238,1846
-85,-376,823,-759,1243,-580,2041,1570,-197,385,-147,447,139,-228,-269,295,-682,251,1605,-1157,-340,377,-1843,528,-1412,-524,1083,1180,-1063,-589,221,-156,-274,-1240,304,-417,1403,-1032,-291,-23,17,1268,257,576,-19,437,1292,-167,137,-370,676,-527,-742,-18,-87,71,1265,702,536,1111,-1388,-367,1284,398,1201,-89,89,-1536,-527,635,275,-1843,-160,895,-981,267,280,-381,-355,-931,852,-347,-523,386,-1149,309,-337,-350,-80,-447,-233,387,801,-589,755,814,629,-126,182,20
1353,-2370,910,-1093,-419,410,413,777,-1779,670,1351,933,-1304,-581,-529,1203,2032,-84,-1180,-139,-607,-2639,-532,-431,-211,-784,-171,54,56,-653,-424,-575,301,-129,1406,-413,892,-522,-104,669,539,-2342,-1519,677,406,295,-538,-1641,829,-889,584,22,679,-227,2179,1415,1081,48,-585,1325,1058,253,371,592,1028,585,-2444,-601,1735,-1053,-1239,-321,-1482,-456,531,294,1045,-848,162,980,30,-847,779,-1105,-1576,620,820,470,325,426,-1739,16,-133,-552,-663,-1567,640,603,2275,-496
-121,-344,90,1328,30,438,-415,-89,654,669,10,844,-571,-593,-406,-731,-1328,-804,891,-1227,-489,42,-854,-75,-710,-186,606,98,402,-779,143,620,160,-600,-197,401,301,58,1417,0,464,-285,1754,-993,1614,-360,733,-60,-232,-144,866,1455,-558,1217,-1432,-1573,-1422,-816,517,297,-1972,531,-81,-471,-355,308,613,-706,521,254,149,-2,537,952,-1441,-1150,-1025,-1364,1008,-352,-1687,-715,-134,-461,268,-85,289,304,154,-1689,-100,1657,-1577,-200,826,-634,977,-790,-368,759
488,-432,822,-350,-157,640,-495,829,-114,1139,-240,962,-1713,-1309,-170,803,597,-264,951,184,-890,-610,-1025,488,293,-1285,-599,811,251,-588,-397,10,482,-524,64,-73,-1040,735,-85,476,-401,-336,1021,-665,587,-704,-616,-715,-448,526,67,-363,-213,145,-62,-824,307,1200,-790,1007,-140,-242,176,852,1744,-602,606,129,900,-465,640,-702,181,613,147,-724,39,532,367,-668,1103,490,-592,418,1439,751,111,-524,-60,-525,917,1457,-545,-887,-307,-222,-639,-805,932,671
-1655,1003,244,1545,-498,-1253,-868,-700,1204,-160,-379,-98,13,1559,1846,-279,-907,-35,-903,-144,-826,1302,632,830,1680,-1323,-942,-309,-1354,709,-742,-892,265,-861,316,795,92,-421,-334,-146,-843,-863,2453,-2311,1338,-919,786,1361,273,2014,793,-137,381,2128,799,-1306,-1663,299,1463,-341,-169,107,-820,153,295,-718,1056,-118,-602,731,437,-124,-395,-442,-670,-26,-45,2169,2006,-749,-35,-810,1385,585,1475,1441,-2268,-45,29,875,1347,-152,244,-599,-680,703,-212,466,-915,-323
513,-96,271,-1048,-496,422,124,-200,44,366,-148,422,-265,0,-407,191,857,5,168,-1253,1121,409,126,-597,-407,-202,-577,366,-1137,-136,-808,33,1034,1059,1052,-911,-681,-542,-1118,-78,727,143,-296,-580,-427,503,-872,891,46,9,-257,-1680,1832,-271,235,-610,-524,69,-126,262,532,91,473,2107,1118,-791,409,-114,-261,-151,1458,-611,253,368,1159,-96,74,887,-219,-937,817,756,320,-202,-180,-9,1272,-432,1296,59,442,-320,92,-1144,-309,397,281,274,123,-348
108,-67,1119,-731,1324,-148,1828,1230,109,471,-1345,-291,-231,-1395,1910,-2633,97,140,651,-531,-1394,2874,-616,695,-353,-701,14,-84,-1324,896,-189,652,-94,1090,23,-1168,-256,1083,439,275,112,1248,353,-463,-308,-1776,701,-131,380,681,16,820,-724,1487,427,-338,450,355,-930,-391,-395,-18,308,759,1155,-329,1990,-1878,-1755,-758,1950,-216,1147,-183,128,1589,582,1709,-86,-1104,1083,464,719,-611,-157,1403,-246,-41,174,-1624,-301,-1290,1555,1015,-88,1622,626,-295,-219,437
379,592,526,-173,-1469,763,1086,-262,-1665,-225,-1827,-1193,809,362,112,-412,-952,-95,-713,193,102,891,-1337,-932,232,2091,268,-680,378,956,764,233,-959,-710,921,273,-397,1103,987,-816,33,382,-1342,-147,-2027,-884,453,-891,1145,2175,-17,34,162,1290,-748,1703,-1667,-343,-1004,-750,-459,330,309,-1314,-462,-675,1895,-715,-40,-800,-872,240,-1746,904,1168,737,541,-472,885,1443,534,325,-1059,843,-1050,860,-134,625,1392,1638,610,-519,746,564,-199,-294,-125,-432,-516,708
-24,-201,-37,737,580,-931,781,603,-103,1722,-709,132,70,218,-1013,-867,-132,-172,72,-83,-281,608,1479,-469,374,-717,339,397,-197,-1142,692,-999,152,785,-125,788,-293,1293,-286,370,-610,260,573,1927,1338,-658,3703,-53,-364,-1296,-1114,892,-743,567,-892,-623,-975,77,196,369,-241,-202,528,-367,949,710,299,-962,-66,-1134,-571,-508,-617,1176,-675,923,-557,-309,509,-182,78,-1160,-969,606,57,-132,-813,928,490,-247,1237,1112,255,-695,1001,-96,-436,289,568,1144
343,-546,1261,252,1036,-43,875,1477,-432,206,2045,-1048,-90,1439,-1155,-75,-536,408,-727,490,-1662,-394,749,-146,-93,-1642,1989,594,1385,-1842,-157,-582,-274,518,481,-774,1153,1046,-127,-756,401,1120,-524,877,661,-1792,1606,-689,1066,-817,-1128,-88,881,2530,1773,-926,-551,714,1903,838,-1264,840,-246,-191,2260,538,125,-234,-731,458,135,46,-1378,-2,-1652,827,1743,711,263,304,-725,-1999,-225,844,-909,-1017,-1384,292,-710,358,-222,1391,-123,-664,368,-1232,165,828,-1346,281
6,-65,35,189,-333,124,-180,5,642,-978,274,-133,-599,391,-180,400,-82,1464,-433,-396,157,209,-940,599,-434,-976,-468,273,-254,197,-52,-254,48,230,-304,2136,897,-421,215,-619,-210,-635,570,-132,496,851,-391,818,367,-809,2294,-232,36,-303,-1301,605,1098,1476,191,-973,-902,-410,956,-263,-472,-431,-440,-681,-414,-550,-604,-622,-1515,-682,-1138,-491,1116,-148,-114,114,409,-527,-282,915,942,473,-1141,159,-333,64,-668,-192,210,-2166,-1123,170,105,-250,-898,105
-705,-347,619,289,1072,-656,390,455,1266,997,-507,-273,674,839,907,-38,-189,-889,1607,-236,-1287,-248,1032,-268,255,-2098,42,-139,796,-243,-704,379,28,34,-331,985,1270,-354,-1045,559,-566,1765,645,-1030,1189,-489,1450,-40,-1449,65,-991,-146,-345,-582,-52,-2393,669,587,952,739,112,-498,-333,1425,1285,-1534,154,649,-813,1211,1781,-1233,866,-67,-1690,702,-713,1285,483,371,547,-826,502,-460,1269,-495,-1125,-396,-555,-1383,289,208,-147,-18,574,-953,-631,1159,634,-499
811,-591,88,-9,381,-70,-457,190,414,373,434,251,-95,-409,-320,59,1726,334,-1003,406,-234,-812,655,67,1,-360,519,-339,988,-710,-657,189,-703,170,554,-99,-1060,251,-91,1787,253,-620,120,1250,156,-287,203,-1284,-182,-530,-21,-173,593,-105,47,-483,26,-327,-99,879,857,-532,-93,426,1106,448,-1414,684,516,-1142,-671,585,-263,-531,-700,-197,-841,-795,-1176,-484,-278,-168,177,518,334,-238,222,1185,594,-822,1428,172,-259,-712,280,-284,-69,-47,1555,-853
99,222,-1233,160,192,-1750,804,-561,-408,-628,-16,603,1306,155,877,1199,351,-1457,-487,514,-419,-1372,-386,-1074,-1078,14,488,-789,248,1206,1210,540,438,-1070,-733,-892,200,-681,516,-21,138,-317,-1189,277,-716,-1119,-346,-1035,217,-560,-496,301,-375,-830,-427,1306,215,-1110,1005,-78,190,-695,566,-1313,-1378,1400,-727,-195,1890,261,-1524,-192,-1228,1508,1778,-85,-204,-952,51,1440,-235,596,131,197,-1539,-695,-10,-67,-1438,1392,-754,-2215,-417,358,-708,201,833,267,926,-835
-518,-228,284,-1098,-493,-304,871,293,-176,517,-1724,2069,654,830,1493,599,-683,-227,971,-2515,-603,43,318,-1106,-475,814,-2161,-1685,-540,2220,-610,735,-332,-448,944,-4,426,-2821,-649,-450,340,-276,49,-1326,-712,1446,-1872,-19,-2209,1208,1268,-267,1955,-1868,187,1527,46,103,-875,-562,-585,-243,156,1066,-258,-108,1328,-1,180,-281,880,-1632,594,-795,1757,594,-1177,122,61,566,-287,1126,-570,-2000,1242,636,860,2585,1705,765,441,-35,-84,-1781,1064,-123,2,336,822,209
1269,-1747,-31,-202,-1,1628,-831,-96,496,-29,614,915,-1898,-1747,-704,-881,1600,26,-309,-261,-711,-755,-268,-543,-1720,-267,-692,1349,1584,-1684,-161,1207,1144,1049,183,107,-753,-390,-47,988,1233,-912,-108,769,1592,233,-798,70,-1258,-1062,-106,904,543,-1750,-1083,-1189,729,419,-1036,-259,728,427,-476,191,265,-140,-1062,-1316,132,-1148,-775,972,-45,-74,-879,-971,-193,-1393,-526,143,-670,-61,417,-1100,683,-816,967,-297,-1827,-1277,-780,926,-1973,209,457,-440,-323,-241,607,1214
1428,-1730,366,-596,-292,1103,952,-630,-1519,1548,-199,439,-616,-896,252,76,684,-2572,538,-1855,-172,-606,308,-1570,-382,-1272,-521,-421,1558,46,848,1672,155,281,-19,460,-20,574,1371,-56,234,204,-1630,-718,-59,-59,-451,-1289,159,-586,-1264,1162,138,-385,-704,-851,-1524,-1118,-26,-98,-27,578,-472,-83,289,110,-793,-787,1255,-123,-11,165,-109,1963,1807,-213,538,-877,1047,1819,104,-468,416,-414,-1354,-668,960,-933,-845,737,-2546,-1072,-1160,-169,197,-1436,1299,1897,2004,1071
-303,533,1534,-626,-195,348,-279,-1041,-1808,1174,-517,-267,-345,-562,995,-920,366,377,-1108,-600,-70,259,83,1899,2154,856,-1174,-1958,423,1911,-872,646,126,-1775,-813,-497,-2174,298,1606,445,-826,-423,-141,-2716,-1563,392,-868,-1551,829,1691,413,711,950,1210,1093,-101,-18,48,648,156,-435,578,-657,1720,-127,-140,1650,-266,-53,-486,1134,1488,1231,1288,866,-234,1436,1275,1319,224,-69,1147,385,-346,146,1340,520,-107,1370,941,1586,-538,1253,1228,-948,150,658,-516,-179,1482
59,67,-557,411,980,-1672,-485,436,-775,427,1558,252,757,-1193,1116,1185,664,-438,-1129,1938,-138,-1240,604,521,694,-406,468,-1016,1562,212,695,109,1088,-42,-27,-738,-992,-560,629,1239,-75,-1612,115,907,244,-1277,658,-1276,-1426,52,-1085,1742,869,211,1661,751,476,122,435,552,348,-2205,453,373,-376,1836,-857,577,1054,-699,-468,979,116,443,376,-594,733,467,161,808,-1336,953,115,441,502,-67,-873,95,183,811,1180,-747,362,1055,-1436,279,62,-162,235,228
1062,-1128,830,-1712,829,478,2087,2377,-1084,-91,-57,441,-844,-1656,1073,-676,2341,-84,-444,-634,-1472,1309,63,-1735,-390,-460,550,529,527,-787,-908,863,365,1732,1461,-1355,-529,1435,-912,164,204,312,-1336,2221,-678,-2628,-291,-1097,137,-381,-1439,-1,550,261,1142,417,-972,1241,-383,-468,-181,-429,1054,666,564,1350,-161,-1008,-411,-710,302,877,-220,-88,-201,1602,1082,26,-1013,752,2154,244,-301,713,279,885,1251,-501,-926,-1601,205,-1230,-415,-1579,-505,708,-887,-67,673,1186
-614,1080,31,-234,-801,-1345,250,-729,-224,-110,-1537,-619,2041,2428,-100,-15,430,524,-887,1519,-60,-219,530,532,988,1019,-142,-1636,-1246,1532,-1629,-677,-453,-1516,-438,110,-1762,-342,-730,883,-127,541,-87,46,-1279,-524,7,-336,1257,1648,-1056,-1356,-531,-1127,209,1476,-37,-1116,1026,94,1653,-480,577,460,700,-1208,1196,317,394,-406,-550,-1192,-859,-817,922,1667,-559,554,-124,-447,1295,-649,-205,-646,-1214,475,-304,405,2081,1269,1314,-328,979,243,303,549,-423,512,593,-1894
1289,-1550,109,-32,-637,-346,998,218,-532,1305,195,1106,-1854,-785,313,387,2095,-1402,105,-276,342,-551,-915,-34,-1138,-1218,415,861,-1961,-1409,844,-1381,799,198,389,1303,602,122,-759,721,-182,-854,-501,182,972,-996,1658,-1208,1560,-1246,858,-82,-670,496,-939,253,-1107,-17,-219,777,600,-1010,1285,-134,450,952,-983,-830,1253,-748,-1276,-1044,-1006,639,130,-215,847,-1036,703,-349,1168,-894,-742,1020,-495,466,142,-999,66,-22,-1583,-540,1583,-1152,-2791,663,1406,-23,2789,21
1070,-832,-1283,793,-1727,-370,-838,-1277,-1004,2055,172,1422,-492,433,-1275,678,1612,-329,-2205,-504,1763,-2469,1165,-289,249,9,-2286,-1053,-85,39,-1714,-809,717,662,873,1566,-1437,-379,-522,1013,-1601,-2123,-842,1366,1078,1120,-235,819,-208,-1726,-483,1386,-374,-1036,-771,1850,-1644,-1881,-427,1793,1177,-1006,759,62,-595,1964,-1220,702,1075,-759,-1006,-398,-959,1308,1119,-1792,-809,-1615,970,71,-975,-156,-828,54,-53,262,1193,429,1365,1003,-93,614,-663,-1689,-534,435,748,834,1028,597
1796,760,-1368,-396,-91,-148,38,364,1439,-1192,1220,306,464,348,-714,1906,-978,917,-333,-861,61,1712,-517,-88,-1035,-737,2284,791,-554,-1645,-323,-1473,1935,2010,1174,-489,494,369,653,-1470,1291,-536,592,1027,85,145,-1635,878,231,204,-593,-415,1401,-151,-938,820,-2222,834,-250,919,1239,-319,650,-1049,-83,-44,-732,-91,576,1160,-640,-86,-1478,-503,1558,614,497,667,-831,-895,827,-183,-1330,2413,-374,603,88,-307,-1166,-1426,-1030,-88,-1677,-792,-1425,2444,453,36,221,-197
1,-1381,-1133,614,-1561,122,-379,-480,-228,-711,1329,860,-949,313,934,1709,2024,-2110,-731,-160,921,-906,805,-2123,92,-314,-657,1597,-479,-71,1089,-27,497,749,318,1020,45,-30,-1181,-768,-404,-1739,-941,524,579,824,1189,423,-639,-1616,903,-617,727,-1390,537,-183,-1158,-640,671,-1146,153,605,-346,165,-1596,830,-890,640,1908,100,-1008,-726,-889,603,95,-466,512,-22,643,1457,603,-529,874,1440,630,-557,181,-1199,-1173,1689,-1874,-1231,-301,-1738,-777,179,413,1524,1417,-406
-96,-607,-377,-339,175,1301,929,1729,-1711,767,361,-319,-128,-1701,-897,1228,-1533,-471,2172,-262,338,1015,-83,-974,839,454,339,708,938,-661,979,-684,-606,2475,171,12,636,78,84,-563,-208,680,584,1433,755,-19,712,360,-2126,-159,-920,1960,-1288,-2419,-178,605,-251,-930,-651,-462,-524,-298,1571,-399,-1074,241,-732,-201,97,-1111,1664,-2242,881,1076,-191,-1340,1033,-1244,205,21,-986,506,-1791,350,-70,-45,-587,121,1088,-673,-28,433,916,80,700,-1758,-2070,-210,180,1029
356,-863,-493,-545,-730,436,-293,-830,-61,-516,81,128,-981,124,297,99,1555,263,-778,-432,791,411,323,473,-252,124,1,181,17,-900,600,-178,-15,608,-29,1414,-767,-87,159,27,-224,-761,-1110,1418,483,1088,86,1236,-228,-68,1188,318,855,-1514,56,480,-492,-103,189,-1286,309,-490,-118,-198,-785,-78,-997,454,-174,-406,-1688,95,-821,-1017,-675,520,1001,-681,-65,496,457,-86,87,797,449,-395,-549,83,-160,-86,-336,-890,22,-205,-1190,547,521,232,557,-76
927,726,-1474,1510,-286,-963,52,-717,1088,-965,25,-688,1858,-114,-532,61,-1573,343,-1514,-163,1251,1258,-976,-1156,-1763,689,778,858,-451,18,1051,-208,477,389,1285,450,129,-1186,257,664,1336,-749,967,672,605,40,845,270,-475,283,557,234,855,679,-2472,676,-1665,43,77,584,1113,-1516,2150,-1209,-199,430,-631,-1568,-826,-781,-575,-73,-1208,935,859,-729,-503,103,-26,-732,-362,-406,-504,1575,-1148,-106,-301,379,-526,862,415,-19,-522,1134,-329,1570,1185,559,-74,-822
-172,-706,1064,-84,-207,2591,572,-374,-1331,2033,-1466,-1414,-1370,-624,-960,-2222,-942,689,746,-1987,656,631,781,-306,1248,261,-1596,-860,574,-27,-176,159,-1375,1716,-195,1499,428,1346,360,-418,-99,1318,-285,-188,503,-227,-95,793,-505,-110,81,2089,-1180,154,-1420,-2007,-1938,-94,-2073,-524,-1320,1465,-848,-3,-970,-461,675,-69,-2774,-694,2264,461,1289,290,-1837,-260,-451,-657,249,-102,297,-1018,-15,167,1729,-79,-813,-153,869,-432,-370,17,963,-331,1651,-1297,-1848,753,-317,2190
-91,-1382,1175,-1122,815,-146,2628,1677,-1087,782,-789,845,252,-184,658,-1034,238,-400,182,-1099,-1249,-66,-619,-671,-1540,292,-519,-159,-1408,-333,-1049,166,-964,-105,812,-745,797,-593,-293,123,289,525,-887,480,-930,-1417,512,-690,-306,-78,-114,287,103,-722,1058,985,1364,-128,-755,1170,-655,-549,775,1029,1025,-265,1617,-2165,-1478,-79,505,-850,-939,192,542,1726,-184,246,-933,380,541,-837,163,-1666,-1157,-400,-372,197,1482,-72,-123,-176,1140,-841,944,-49,674,1385,-537,573
1240,357,-285,138,-313,140,-1271,-574,272,-754,1284,-965,229,-1168,-637,1120,741,-231,-974,533,1230,159,116,-866,493,-514,1556,43,1006,-708,-114,252,1367,431,1067,-565,-698,317,593,307,1292,-1810,155,-494,-34,81,-619,-510,-35,370,-648,-829,1285,215,-156,-595,-571,405,139,-168,1470,-453,1124,-98,-383,334,-1811,177,220,-30,-644,793,-38,570,795,-123,970,684,259,-240,-92,-179,-218,903,116,93,624,-293,-454,-1072,41,-806,-1535,666,-1337,-698,840,-494,943,-815
-626,294,758,-54,-1447,430,178,-244,-1234,-11,131,-745,-30,1486,180,14,832,-241,-609,367,1420,-97,865,-770,1240,383,-1387,-117,-770,359,-1600,411,341,-733,516,306,-716,-855,-1309,-873,-706,200,-915,-898,-1304,37,149,394,1475,1373,-573,-1007,173,-327,477,554,-1035,-46,181,-302,-41,382,286,887,-887,-232,418,64,-782,817,699,-332,646,-166,-442,117,886,1835,1186,162,2150,-1013,-67,-106,952,1005,242,-1644,-270,1561,22,-88,360,-687,-250,-362,-923,349,-688,323
-1843,1614,-1718,158,942,-1862,-396,-1590,-182,-619,-530,-533,1484,159,774,703,-1834,539,-1143,61,390,-301,380,1039,645,1075,-1189,-437,-402,1680,1472,-1784,-94,-821,-1170,-378,11,-419,1078,535,-1271,597,-154,174,-412,520,-437,1068,-965,483,-993,201,46,-30,656,-75,890,-331,793,-83,547,-784,-16,-989,-975,448,725,716,158,1935,-437,809,521,674,710,-53,-726,662,133,644,-658,1552,270,193,-298,-345,-393,-571,-489,2413,1680,-2163,333,1852,-989,1600,-455,808,-1640,1012
132,244,-498,957,-294,-1144,209,-1417,-722,941,-910,-810,1598,1221,33,-646,-39,-1001,-561,538,850,-849,1311,-353,-644,-457,-822,-2020,715,2492,873,1518,-292,-1576,-575,683,-988,118,929,600,390,-318,-530,-461,479,-454,696,-420,585,-1,-225,955,-616,-128,-1455,593,-807,-998,992,-772,11,-539,-115,-784,-26,1308,95,343,393,-1,242,248,341,196,191,747,826,-1094,2205,811,-363,-298,233,232,-142,-1234,-253,924,-851,1169,59,-584,-99,179,-436,-679,1179,694,560,-430
-523,-178,-474,679,1219,-1730,1407,789,307,702,-150,900,1098,-444,621,516,-1500,-946,1035,-1024,-157,-1150,-299,-647,-1680,-1277,738,-808,-819,518,1867,185,-257,-495,613,-778,2952,-1209,620,-470,-19,-330,-305,585,974,-724,1517,202,-1297,-949,411,358,-72,322,-1059,-284,1009,-129,-806,795,-1557,-646,229,-853,-124,1268,-306,-608,582,383,49,-311,-422,261,-368,685,-1669,-669,179,355,-1178,-576,726,-519,-254,-1173,-759,850,229,-61,-447,-479,-211,427,145,419,1638,420,-115,437
248,534,-644,1650,-1389,483,-1002,-904,-434,-615,22,-826,963,-709,-123,-423,-323,-815,-819,761,2195,-110,15,-1442,151,976,-851,32,599,1579,924,2507,-1353,-628,1096,-361,-711,201,453,-183,-587,-1256,609,-457,-564,1178,-165,436,1393,302,-106,729,-446,125,-941,609,-602,-609,-1006,-428,447,-5,405,-958,-2050,1134,-679,-642,515,-961,439,1332,1346,-418,992,-387,-529,162,911,511,55,774,371,455,636,-216,1038,349,-63,563,137,555,-525,879,366,-760,806,-177,-933,-90
-77,382,-793,230,-236,234,-1587,-1721,1043,-946,-998,-208,-1197,-747,-1005,-295,166,30,-237,1370,37,-107,-213,636,-1494,959,492,717,-487,-704,1882,370,327,-1445,-1783,1126,-439,63,887,442,785,-445,-1324,-122,-463,29,-152,-481,-441,97,1507,-431,-1129,148,-1894,-1452,-97,89,695,-1623,-350,446,-1081,-2092,-554,142,-399,-409,218,-316,-3159,1160,-792,-390,161,-365,-62,-1540,-976,365,-1521,-594,263,-739,-565,-1364,-923,-242,-1409,93,-615,-406,-1577,-1,-90,-709,-265,-1818,639,876
671,-1291,1077,-759,2124,-39,2646,951,-1540,1673,-1112,-474,1144,-2131,91,-2270,-408,-468,968,-481,-105,-761,-465,-584,-2231,-122,-567,-1611,-333,280,1206,1442,-740,-631,372,-681,2296,255,1225,1546,1378,553,-783,294,-1208,-1869,511,-1853,216,-1227,-666,1496,-1678,908,-1051,180,1294,-595,-1997,1647,-431,-619,925,-84,-232,937,108,-2095,-1240,-764,1234,1262,674,132,146,974,-1516,-1213,-515,1098,-174,-545,1271,-811,-1863,-1341,-964,211,440,-940,-1287,39,1191,1030,190,-544,617,333,-285,1290
-188,-1178,1363,-368,1257,515,639,942,-55,460,513,-159,-755,-997,95,-349,475,159,279,-813,-1347,-669,928,-489,-340,-1417,-131,497,-122,-58,504,597,-1336,-33,-417,-654,976,-249,-316,1003,-937,252,-230,20,-33,-653,825,-1452,-1107,-570,567,-975,467,-118,43,-2497,1833,1174,-650,650,100,465,-612,403,1029,-362,-872,-1723,-649,-79,979,390,901,-396,-1270,1307,-226,1270,-851,-130,-58,-911,595,-763,711,-1365,-618,280,-803,-681,-114,-337,432,-993,1178,-1115,837,1126,-40,1024
-61,-927,1037,-103,606,1027,-739,84,-792,1845,1816,-231,-1717,-251,-1085,-261,626,371,-46,293,-1145,-577,1720,1794,1853,-29,-102,57,307,-1816,-684,-1451,163,321,-163,-723,-151,-113,-1173,1592,-1435,-343,-158,114,1097,-47,386,32,-33,160,-925,505,-75,-225,972,-621,-532,-259,514,1485,51,1317,-1152,159,1114,-352,-424,1502,-45,-1091,1175,-805,1217,662,-436,-1122,-494,156,833,-1347,-2244,263,736,-599,481,-804,250,149,1064,-191,156,2505,1066,317,93,-301,-1180,296,-413,653
-1051,-316,443,-1644,685,392,2099,1159,-676,639,-1195,1161,-1616,-830,396,-1384,727,546,2623,-1433,642,1140,-1252,714,-272,945,-815,1180,-3098,-710,-372,-1291,728,516,-528,-861,735,-363,-2062,193,-760,1761,172,681,-36,878,725,1603,442,-640,603,107,-2388,-1409,-74,-606,353,-828,-580,154,-546,585,326,643,-795,-940,645,-372,-1441,409,1260,-1227,2024,95,-890,-136,-444,-841,-46,-2130,1510,-23,-324,608,32,641,740,-2048,-182,-496,-982,-853,1961,-449,605,2116,-1292,274,343,708
22,-1417,-78,-335,503,2049,-194,-223,-129,-296,2203,-112,-1108,-1149,-223,-1046,1595,-820,885,-805,1252,208,1677,45,-333,-284,-612,1402,427,-1094,598,914,-63,1559,-281,-1294,-187,320,-509,982,135,-727,-192,219,797,579,-15,1841,-367,-1576,15,1190,587,-2243,-504,-1476,583,-1427,-930,602,21,1118,-751,817,-664,-1202,-1656,716,-1121,-284,1950,714,1955,512,-962,-685,-190,321,-166,-1033,-654,-496,2456,48,491,-2264,726,-1795,-1019,-199,-1353,487,-198,736,1416,438,599,1601,-486,620
1003,954,-139,-55,-253,126,-2044,-1728,321,1025,-962,-812,-630,-1452,-1239,982,-354,1489,-579,951,317,-801,-1313,2401,185,172,271,-904,795,-131,-171,-623,551,-1053,-445,1055,-1596,-161,1304,1998,-441,-364,490,-1343,-46,554,-2049,-1120,-628,2049,413,336,229,591,-1805,-591,492,594,-430,1172,1526,-1371,483,-209,701,-706,-632,375,-261,-594,-406,261,-54,471,924,-1754,306,-597,-365,-703,-677,1285,-1278,-54,283,45,20,194,1301,-1216,1855,366,-523,1017,-2477,-689,-999,-1389,1109,432
-1267,736,-45,1026,407,-1635,-393,-2,1331,380,-1489,857,863,211,882,550,-1283,-460,184,72,-1929,-344,98,-79,732,-836,602,-797,200,224,1128,88,-861,-900,-764,183,614,-315,760,-335,-929,115,952,59,512,-1037,1340,-434,-1714,1246,527,-126,-54,592,-950,-870,847,640,479,202,-1146,-772,-509,611,850,541,1422,-585,919,-178,-1031,-133,-1401,330,140,1300,-2400,300,-129,796,-665,-89,214,-879,754,-98,-1313,1119,1341,-440,2046,378,-1103,99,812,-252,341,-421,-54,-145
-1469,1440,1709,-686,713,502,-293,976,-194,-397,123,198,-1378,-1189,853,-287,-726,2255,1333,138,-1040,999,-1552,2007,3279,167,406,-616,114,3,745,-909,686,-575,-1729,-869,-332,232,82,-727,-1509,716,2035,-1364,-587,-280,379,-491,-356,1465,1051,-475,104,282,-130,-911,1138,1603,-260,-274,-1670,332,-554,604,-956,-1310,1558,215,-124,-1435,1094,889,959,636,-753,-565,-70,1384,40,-550,884,689,-567,514,1758,2273,-849,-567,590,69,1223,288,1507,698,-316,413,-1548,-2393,-1395,517
-76,299,-73,-708,1047,-499,1381,-894,-667,798,-934,-1028,2073,42,-216,-630,-1848,-1077,1295,-1753,1471,1377,683,-588,-1009,1128,95,-533,-1504,830,1419,-250,134,-622,467,-829,1768,-663,635,69,1882,985,-226,-610,-1005,1045,625,-465,-219,111,-589,-726,250,539,-154,-499,-534,-827,-148,-59,826,4,-66,-632,-348,-464,653,-271,-562,1978,1056,-61,1335,1346,1963,491,-240,155,1421,-176,-608,641,589,-557,-2143,-728,177,-13,-77,182,-192,-606,1457,1523,49,375,1606,391,821,-107
97,-745,1688,-568,14,1259,-59,-1547,-1578,1549,-1483,-2324,-387,-1448,91,-338,945,-443,-616,27,196,-997,294,-22,1099,466,-558,-29,1231,-592,660,1372,-1918,-1290,251,657,-485,282,1160,1220,-1448,557,-1332,-1079,-1696,-368,-128,-1908,92,3270,-477,706,-391,1415,172,-2141,1056,1004,-1283,113,418,-35,-99,730,-321,-1278,-180,-199,-1685,208,398,578,158,775,107,938,-242,1759,250,781,1649,-55,101,-411,606,-1179,-1335,-1208,548,-246,790,-796,827,756,-117,-1987,-397,1281,510,1525
-303,-132,-1384,1138,-442,-368,-275,-1626,-196,-172,-148,-812,1202,498,1317,-419,-327,-1629,-401,761,616,-1139,-75,-643,-445,354,-1175,-1219,1027,1873,618,1165,203,-1209,-74,814,122,159,588,-82,138,-369,-539,-1304,682,-62,-481,1097,-339,-178,-698,1531,-821,-647,-751,140,-1135,-1515,483,-188,-122,-563,170,-565,-1127,711,160,1355,-35,1385,307,128,1021,-210,-73,-814,181,-462,1866,1604,-60,497,1657,7,321,-1055,348,-1078,-1012,617,-1493,-800,56,2516,-1239,192,709,1114,-219,-149
93,-50,145,967,-468,-907,-20,-907,-1224,1845,64,-779,1063,1652,-1122,463,-344,-1516,-465,347,858,-1395,2288,-693,640,-1246,-432,-1741,-431,1062,-219,110,-250,-917,-413,1266,6,724,76,-59,-135,-12,-45,-707,127,-1253,778,-1202,1810,-724,-1152,-197,-253,994,548,-370,-1504,-1254,1310,482,424,488,-29,-460,-127,573,-329,261,1123,509,619,-398,523,766,735,307,399,-501,2244,233,-523,-1223,-205,-437,-933,-628,-874,-138,-23,1025,-353,399,12,-787,-91,-1813,713,829,781,-1101
-159,-134,589,-577,534,119,888,1163,444,-111,-461,1690,-706,-1041,976,-1299,457,688,741,-1077,417,666,-928,405,-1254,92,-1334,1037,-690,-362,463,825,-217,235,528,-1317,490,-1107,-531,293,124,14,210,1088,-956,1104,778,971,-417,-323,1112,-39,664,-518,-428,513,1213,453,-1661,542,-525,-255,-58,1093,-110,243,732,-1187,-643,-838,27,899,-15,-141,-684,297,-1074,593,-1337,-383,241,471,1020,869,697,1180,567,258,13,514,661,1068,-5,-582,759,1435,242,-1079,-540,1143
409,-352,888,-718,1180,-139,1523,-449,-1303,1392,-745,-1154,140,-937,-227,-975,576,-530,-40,-1386,797,-174,183,213,-357,-729,1134,-954,673,-376,788,1242,-813,-473,-90,56,624,1147,838,374,370,1255,-1539,-7,-593,-807,581,-861,1137,-644,-468,1465,-728,1386,-345,-1961,-777,89,1176,599,-1561,468,468,229,-764,581,-368,-704,-1826,566,362,993,378,1281,-884,1010,588,-778,-60,329,925,-910,973,989,-1193,-1198,-715,-198,-217,-966,-10,-1068,230,437,97,-626,473,473,555,740
1640,-1426,-107,525,180,147,768,848,-405,829,627,-634,401,-967,-256,369,-145,-914,-1406,202,-273,-193,-522,-808,-1341,-1009,1270,36,360,-1053,-122,667,-828,1122,1271,877,327,689,1486,-144,977,-276,-1283,1636,608,-2013,114,-1410,-437,-594,-612,829,-321,1519,81,675,-1465,405,-307,973,-436,-1263,916,11,1337,1641,-254,-950,70,-373,-98,-293,-1812,-247,-121,700,424,-261,-1064,630,-68,-1558,-164,254,-1010,-557,-467,-123,653,-683,-1375,-286,-263,-587,-800,105,907,1173,369,-79
359,-229,-508,262,-987,815,-345,228,-370,-451,332,-398,336,426,-335,452,-324,-261,174,1674,-195,182,-275,-310,41,975,58,373,364,115,-19,-108,226,265,549,60,-533,-154,209,-193,294,-574,-364,793,183,212,520,155,-89,1202,-851,-43,-261,-1342,244,1280,-873,-902,-1056,-924,814,-166,193,-579,133,-936,150,106,1136,-919,-561,-505,-283,-1194,905,-681,346,-412,405,431,-631,243,-281,29,-364,270,348,-187,490,776,-792,514,-22,586,-127,-232,-383,217,380,-387
-684,67,-243,-327,-233,816,-266,-19,565,-1233,300,498,-700,81,766,-20,-19,29,528,-595,166,250,-959,155,128,475,-920,1031,-144,-35,-238,-294,-467,-124,-13,-234,365,-195,-400,-768,-167,355,521,-665,-105,1051,-1373,1745,250,73,267,-905,309,-904,511,262,532,-149,-282,9,-382,663,-535,467,-301,-447,907,496,-425,873,288,172,513,-740,-919,-216,-249,104,-609,39,639,495,1092,-47,626,181,853,-987,-428,4,-646,192,-22,417,59,524,-809,437,-759,-282
212,-278,278,-444,265,86,354,-25,-495,329,40,-190,-389,-680,-102,-329,523,436,-231,-259,724,-256,-183,420,-337,-128,-575,-109,-681,56,169,-159,203,-257,405,-281,417,6,75,440,-137,-409,-412,43,-121,41,-196,156,-121,-775,192,-100,-212,428,-136,345,592,396,-668,281,228,-7,44,10,32,597,-799,46,-531,-337,264,2,-224,505,-273,-45,349,29,-198,169,128,-234,548,-11,-133,-197,-22,0,108,427,-401,-140,526,-280,-517,486,-149,-356,217,526
581,-166,228,550,52,-357,-509,-119,-100,1207,294,-107,353,101,-847,678,157,-620,-390,674,-181,-1076,1117,-193,-206,-222,562,-241,726,-522,-341,343,250,-557,236,188,-348,-327,-16,867,492,-380,99,-147,-91,-477,635,-1354,-201,333,-461,177,551,485,-208,-681,-389,59,257,881,386,213,-346,137,75,69,-407,124,330,-97,-516,-48,-75,298,-431,-83,98,-284,453,92,-1002,-466,-337,-96,279,-691,-76,590,161,-410,692,1326,-636,-697,414,-1055,-46,-128,827,-37
-252,305,79,600,72,-580,-388,-284,315,348,-202,-76,264,128,-38,296,-322,-106,-368,282,-56,-609,111,334,-72,-230,82,-192,-24,48,53,-89,-316,-502,-348,465,281,-302,349,580,-146,629,202,-310,-66,81,143,-1055,1,-126,318,-299,-262,1045,-283,-314,624,56,157,706,317,-340,-500,-393,364,177,506,-19,471,-267,-367,275,-402,201,-705,-157,-847,-213,-384,444,-432,-226,-284,-15,368,177,-200,65,273,250,917,140,-217,-619,-598,-36,-415,35,-61,-13
166,-166,0,-141,-24,166,143,144,-165,22,144,0,-143,-144,-22,26,141,-24,139,-3,-1,119,-91,-79,5,-7,119,140,55,-170,57,-29,196,171,-124,-170,-299,120,77,-39,166,-61,-425,-19,-159,205,164,-130,170,-196,167,-126,121,-317,-66,-10,-348,302,69,130,-8,-31,240,130,146,-59,52,-103,315,-151,260,175,279,-426,-57,-37,-36,313,76,-77,196,266,-197,380,52,73,-28,132,-65,-78,29,-235,65,55,-315,131,-28,-161,155,373
58,-58,0,-39,-19,58,39,39,-58,19,39,0,-39,-39,-19,19,39,-19,102,63,0,20,-64,6,-63,63,20,102,-25,-58,38,-19,77,-93,53,-318,-181,5,78,71,158,-296,-159,-77,-99,149,196,-173,-41,122,-104,-154,106,-238,4,356,127,86,-169,235,265,-34,-89,123,149,27,17,-173,-225,-2,245,-93,-64,118,296,97,-25,50,-100,59,185,106,207,192,-93,23,74,216,-18,90,104,72,-30,-51,-146,-80,-161,132,200,76
1,-1,0,0,-1,1,0,0,-1,1,0,0,0,0,-1,1,0,-1,21,21,0,-1,0,-1,-21,21,-20,21,-19,-1,21,-20,21,75,-1,77,96,-2,-96,28,-3,50,85,12,-25,-78,-65,11,15,20,39,78,-69,93,56,-2,-2,-60,-13,-6,-66,-64,-20,73,-125,15,96,42,-118,39,48,-126,-93,137,48,43,5,-70,24,50,83,9,119,-48,58,56,-108,-32,92,-136,-16,166,-1,-14,-116,56,-142,-98,-61,-156
0,0,0,0,0,0,0,0,0,0,0,0,0,0,0,0,0,0,0,0,0,0,0,0,0,0,0,0,0,0,0,0,0,1,0,1,1,0,-1,0,0,1,1,0,0,-1,-1,0,0,0,0,1,-1,1,1,0,0,-1,0,0,-1,-8,4,1,-2,1,0,0,7,3,5,-2,-5,5,-7,-2,0,1,0,-2,15,15,-25,16,14,-29,-41,-44,32,-36,-65,38,2,8,-139,5,-37,91,-33,-43