Size: 49980
Inflated Size: 12489752

   0 3190.723, 4743.050 in 0.05457s 
   1 3190.723, 5337.673 in 0.42389s 
   2 3190.723, 4424.588 in 11.30406s 
   3 2853.678, 3903.598 in 14.27106s 
   4 2734.249, 3551.380 in 14.41212s 
   5 2499.099, 3308.831 in 14.40112s 
   6 2499.099, 3136.252 in 14.23786s 
   7 2454.881, 3009.529 in 14.34422s 
   8 2397.016, 2914.367 in 14.23484s 
   9 2397.016, 2841.876 in 14.28974s 
  10 2288.914, 2785.242 in 14.18618s 
  11 2258.281, 2740.707 in 14.75795s 
  12 2177.553, 2705.359 in 14.42964s 
  13 2142.603, 2676.932 in 14.32757s 
  14 2142.603, 2653.861 in 14.53130s 
  15 2142.603, 2635.134 in 14.48226s 
  16 2142.603, 2620.556 in 14.48168s 
  17 2142.603, 2609.044 in 14.56562s 
  18 2142.603, 2600.072 in 14.46153s 
  19 2142.603, 2593.097 in 14.67508s 
  20 2142.603, 2587.859 in 14.56784s 
  21 2142.603, 2583.856 in 14.73940s 
  22 2142.603, 2580.843 in 14.94786s 
  23 2142.603, 2578.545 in 14.64008s 
  24 2142.603, 2576.929 in 15.10901s 
  25 2142.603, 2575.689 in 16.00350s 
  26 2142.603, 2574.767 in 16.08221s 
  27 2142.603, 2574.081 in 16.04452s 
  28 2142.603, 2573.657 in 16.21898s 
  29 2142.603, 2573.345 in 16.25620s 

Total time: 427.732600s

[ 196  448  201 -113  515 -216   40   47  -72  145 -191   80 -479 -391
   55  261  -61  160   69   90  -67 -465  -51   75   10 -388 -379 -753
 -224  334   18  149  188  374 -105  252 -708  -88 -365  232  307  -32
  145   66   60  356  190  -61  161  377  -98  139 -311  169 -302   68
    6   69 -294  199 -227 -225   95  256   44   54  186 -134   91  340]