Size: 160000
Inflated Size: 127999200

   0 3602.245, 6405.475 in 0.14093s 
   1 3602.245, 7104.326 in 3.39019s 
   2 3602.245, 5688.120 in 274.28770s 
   3 3602.245, 4898.989 in 259.53027s 
   4 3476.805, 4384.361 in 248.05672s 
   5 3116.654, 4037.741 in 251.85400s 
   6 3039.917, 3795.580 in 249.70881s 
   7 2896.692, 3620.523 in 248.68568s 
   8 2866.014, 3490.477 in 258.12435s 
   9 2733.736, 3391.382 in 236.98225s 
  10 2733.736, 3314.271 in 236.05134s 
  11 2617.789, 3254.012 in 239.05290s 
  12 2617.789, 3206.789 in 256.99247s 
  13 2617.789, 3169.626 in 265.48828s 
  14 2572.736, 3140.579 in 269.81465s 
  15 2572.736, 3117.915 in 261.47399s 
  16 2572.736, 3100.531 in 254.26670s 
  17 2550.203, 3086.887 in 238.83074s 
  18 2530.143, 3076.362 in 246.51240s 
  19 2530.143, 3068.398 in 248.42301s 
  20 2530.143, 3062.296 in 249.50531s 
  21 2530.143, 3057.677 in 242.03894s 
  22 2530.143, 3054.298 in 245.61753s 
  23 2530.143, 3051.803 in 243.46231s 
  24 2530.143, 3049.981 in 259.88179s 
  25 2530.143, 3048.609 in 235.91855s 
  26 2530.143, 3047.623 in 231.66563s 
  27 2530.143, 3046.868 in 236.79814s 
  28 2530.143, 3046.263 in 239.99370s 
  29 2530.143, 3045.846 in 230.18665s 

Total time: 7192.829288s

[-364  167   21  351 -357 -349 -229   62   87  103 -565 -369   43  339
  756  307  623 -228  396  324 -247 -316 -213   -2  356 -537   41 -263
   12  584 -286 -135  195    4  100 -157   21  459  -94  -18 -202  350
  184  -27  533  348  152   62 -256 -274  313  175  410   94 -286  195
   -1  156  262   70 -287   21 -367  122 -128 -230    9  216 -390  -10
   35  -35    6  190  -12 -354 -654   16  200  -34]
