Size: 540000
Inflated Size: 1457997300

   0 4802.754, 7958.187 in 1.10568s 
   1 4802.754, 8655.439 in 152.41286s 
   2 4685.558, 6792.938 in 2762.82611s 
   3 4199.884, 5778.329 in 1994.04430s 
   4 3806.983, 5120.484 in 1647.39117s 
   5 3587.220, 4678.738 in 1615.31975s 
   6 3335.941, 4372.536 in 1683.59777s 
   7 3303.670, 4154.070 in 1631.98832s 
   8 3230.369, 3995.318 in 1569.50967s 
   9 3184.095, 3878.530 in 1665.59963s 
  10 3045.415, 3792.168 in 1684.08204s 
  11 3018.222, 3728.115 in 1623.15064s 
  12 3018.222, 3680.624 in 1650.17941s 
  13 2967.436, 3645.375 in 1565.31105s 
  14 2967.436, 3619.581 in 1657.04886s 
  15 2967.436, 3600.892 in 1613.75220s 
  16 2967.436, 3587.525 in 1670.54856s 
  17 2967.436, 3578.130 in 1619.38024s 
  18 2967.436, 3571.587 in 1643.43848s 
  19 2967.436, 3567.031 in 1633.70947s 
  20 2967.436, 3563.956 in 1655.42395s 
  21 2967.436, 3561.957 in 1680.25774s 
  22 2967.436, 3560.640 in 1673.86365s 
  23 2967.436, 3559.796 in 1741.67710s 
  24 2967.436, 3559.261 in 1704.57475s 
  25 2967.436, 3558.925 in 1671.65819s 
  26 2967.436, 3558.712 in 1689.52787s 

Total time: 44540.653751s

[ 321  137  411  240  119 -472 -250  140 -353   34  610  -70   10  398
  -85  155 -338  136 -428  106 -302  376 -328   44  300 -360  207  181
  275  336  115    7 -409   14  610  451  404  120  163  166 -372  139
  462  -24  399   -7   76  446 -129 -407  233 -725  -95 -109  556 -223
  -98 -628  275  292  193  284   52 -113 -354  338 -126 -116   99  393
 -127   -1   14  233 -173  383  252  561 -174   19 -273 -650  271  152
  418 -540 -358  132 -254  608]
