Size: 600000
Inflated Size: 1799997000

   0 18932551.080, 35902973.313 in 1.34529s 
   1 18932551.080, 36625228.346 in 285.96271s 
   2 18932551.080, 28746390.250 in 3605.40115s 
   3 17341109.451, 24426653.368 in 3193.66447s 
   4 16535359.178, 21705496.078 in 3175.76819s 
   5 14826413.495, 19930074.508 in 3262.34382s 
   6 14620278.472, 18737300.050 in 2874.67257s 
   7 13984660.364, 17922285.877 in 2944.84529s 
   8 13984660.364, 17354883.598 in 2642.43849s 
   9 13686255.976, 16950897.553 in 2583.57773s 
  10 13686255.976, 16659253.632 in 2455.99895s 
  11 13358601.365, 16447871.570 in 2414.94133s 
  12 12935064.271, 16297105.219 in 2414.71504s 
  13 12935064.271, 16192450.713 in 2397.49447s 
  14 12935064.271, 16123527.516 in 2411.94707s 
  15 12935064.271, 16080187.382 in 2375.35239s 
  16 12935064.271, 16054653.511 in 2402.03021s 
  17 12935064.271, 16040224.620 in 2419.43570s 
  18 12935064.271, 16032413.378 in 2395.30913s 
  19 12935064.271, 16028379.401 in 2435.37990s 
  20 12935064.271, 16026368.876 in 2346.52544s 
  21 12935064.271, 16025404.872 in 2451.66668s 
  22 12935064.271, 16024930.481 in 2397.73593s 
  23 12935064.271, 16024688.696 in 2389.62155s 
  24 12935064.271, 16024575.559 in 2453.25107s 
  25 12935064.271, 16024514.495 in 2448.19084s 
  26 12935064.271, 16024483.405 in 2432.11854s 
  27 12935064.271, 16024464.603 in 2449.49954s 
  28 12935064.271, 16024448.411 in 2419.78547s 
  29 12935064.271, 16024444.530 in 2438.12464s 
  30 12935064.271, 16024441.621 in 2419.90163s 
  31 12935064.271, 16024440.076 in 2399.84224s 
  32 12935064.271, 16024440.076 in 2437.30480s 
  33 12935064.271, 16024440.076 in 2434.60014s 
  34 12935064.271, 16024440.076 in 2412.39813s 
  35 12935064.271, 16024440.076 in 2433.32436s 
  36 12935064.271, 16024440.076 in 2414.62747s 
  37 12935064.271, 16024440.076 in 2442.82568s 
  38 12935064.271, 16024440.076 in 2410.33219s 
  39 12935064.271, 16024440.076 in 2438.50996s 
  40 12935064.271, 16024440.076 in 2418.83985s 

Total time: 102031.709281s

[ -694899  -357929  1233838   784718  1935715  -505581  1635876
  -527209 -2100257 -1015090    24471  2083126 -1909905  -199443
   350957  1511530 -1696912  1761573   -37806 -1635402  -332288
   732924  1090553   822218 -1540615  2621611  -499345  -483331
   423682  -418254  1910950   741356 -2460628   795700   262608
 -1592433 -1479178  1055714 -3598732  2450285   -78364  1072130
  1519189 -1357034   126973  1079979   284488  -469041  1051519
  -289468   928709 -1227443  1312629  1558943   591804  -896533
  1622590 -1007235  1001484   460563  1045478  1782500 -1768976
 -2027040 -2026152  1011863  -806562  1146801  1993364   729415
 -1335904   308594  -810238   528182  -959334  -762322  1328848
 -1048163  -378314 -1610695 -2457243  1448694   -38284  1353471
 -2484327 -2001833  -622001   132360    38609  -675725   -31115
   884724   736547   822808   -87756   862596    69948   954612
 -1884982 -1716416]
